==================================================
Iron
==================================================
          0         1         2         3         4
0  0.000000  0.942791  0.927514  0.920908  1.000000
1 -0.942791  0.000000  0.019943  0.014773  0.141189
2 -0.927514 -0.019943  0.000000 -0.002731  0.122386
3 -0.920908 -0.014773  0.002731  0.000000  0.124267
4 -1.000000 -0.141189 -0.122386 -0.124267  0.000000

==================================================
Phospate
==================================================
          0         1         2         3         4
0  0.000000  1.000000  0.200527  0.228032  0.071054
1 -1.000000  0.000000 -0.826034 -0.839868 -1.000000
2 -0.200527  0.826034  0.000000  0.020850 -0.143113
3 -0.228032  0.839868 -0.020850  0.000000 -0.170713
4 -0.071054  1.000000  0.143113  0.170713  0.000000

==================================================
TDS
==================================================
          0         1         2         3         4
0  0.000000  0.042493 -1.000000 -0.164094  0.045523
1 -0.042493  0.000000 -1.000000 -0.201494 -0.000562
2  1.000000  1.000000  0.000000  0.775277  1.000000
3  0.164094  0.201494 -0.775277  0.000000  0.201491
4 -0.045523  0.000562 -1.000000 -0.201491  0.000000

==================================================
COD(mg/L)
==================================================
          0         1         2    3         4
0  0.000000  0.041749  0.035989 -1.0  0.066131
1 -0.041749  0.000000 -0.007430 -1.0  0.018226
2 -0.035989  0.007430  0.000000 -1.0  0.027549
3  1.000000  1.000000  1.000000  0.0  1.000000
4 -0.066131 -0.018226 -0.027549 -1.0  0.000000