=====================
 TDS :
        count        mean         std      q1      q2
Class                                               
0         72  769.513889   82.033486  715.00  849.75
1        168  762.994048   82.354898  694.75  834.50
2        274  939.722628   22.436473  920.25  958.00
3       3844  799.501821  103.991246  709.00  891.00
4        742  763.063342   81.786002  695.00  831.00 
=====================
 pH :
        count      mean       std        q1        q2
Class                                               
0         72  7.546442  0.030174  7.520952  7.569841
1        168  7.548118  0.029741  7.520513  7.574455
2        274  7.549829  0.030394  7.524652  7.575832
3       3844  7.550187  0.029735  7.525445  7.575195
4        742  7.551793  0.029798  7.526741  7.577908 
=====================
 turbidity :
        count      mean       std      q1      q2
Class                                           
0         72  2.338056  1.236184  1.2625  3.5475
1        168  2.072738  1.148075  1.0525  2.9325
2        274  2.108066  1.185431  1.0600  3.0500
3       3844  2.166506  1.185115  1.1400  3.2125
4        742  2.158302  1.184569  1.1325  3.2475 
=====================
 phospate :
        count      mean       std        q1        q2
Class                                               
0         72  0.018495  0.008168  0.012108  0.026021
1        168  0.002495  0.001508  0.001176  0.003768
2        274  0.015426  0.008774  0.007233  0.023088
3       3844  0.015103  0.008694  0.007424  0.022627
4        742  0.017655  0.007388  0.010909  0.024441 
=====================
 nitrate :
        count      mean       std   q1   q2
Class                                     
0         72  7.055556  0.870307  6.0  8.0
1        168  6.994048  0.836997  6.0  8.0
2        274  7.076642  0.819610  6.0  8.0
3       3844  7.017430  0.811996  6.0  8.0
4        742  7.013477  0.809746  6.0  8.0 
=====================
 iron :
        count      mean       std        q1        q2
Class                                               
0         72  0.405442  0.002778  0.403042  0.407730
1        168  0.355182  0.031191  0.325409  0.383063
2        274  0.354228  0.030856  0.328612  0.380581
3       3844  0.354408  0.031579  0.327681  0.381461
4        742  0.347564  0.029418  0.321486  0.372879 
=====================
 cod :
        count        mean       std     q1      q2
Class                                            
0         72  394.777778  3.049924  392.0  397.25
1        168  394.559524  2.960220  392.0  397.00
2        274  394.598540  2.907512  392.0  397.00
3       3844  414.733871  8.988134  407.0  422.00
4        742  394.466307  2.793055  392.0  397.00 
=====================
 chlorine :
        count      mean       std    q1    q2
Class                                       
0         72  2.541667  1.112509  2.00  3.25
1        168  2.309524  1.071975  1.00  3.00
2        274  2.565693  1.150438  2.00  4.00
3       3844  2.513267  1.127602  1.00  4.00
4        742  2.525606  1.144731  1.25  4.00 
=====================
 sodium :
        count       mean       std    q1     q2
Class                                         
0         72  12.291667  5.506558  8.00  17.00
1        168  11.369048  5.977562  6.75  17.00
2        274  11.240876  5.719993  7.00  16.00
3       3844  10.448751  5.787073  5.00  15.00
4        742  10.386792  5.852205  5.00  15.75